0 1.43635 0 0 0 0
0 1.10948 0 0 0 0
0 1.10944 0 0 0 0
0 1.10951 0 0 0 0
0 1.10949 0 0 0 0
0 1.10947 0 0 0 0
0 1.10948 0 0 0 0
0 1.10947 0 0 0 0
0 1.1095 0 0 0 0
0 1.1095 0 0 0 0
0 1.1102 -0.00433564 0 0 0
0 1.11707 -0.0356742 0 0 0
0 1.13218 -0.10246 0 0 0
0 1.15449 -0.200476 0 0 0
0 1.18455 -0.331785 0 0 0
0 1.22082 -0.496771 0 0 0
-0.00402611 1.25759 -0.693716 0 0.118796 0
-0.0648601 1.30014 -0.92123 0 0.351553 0
-0.158955 1.34805 -1.17777 0 0.351553 0
-0.246246 1.40018 -1.45432 0 0.175156 0
-0.275184 1.44891 -1.78858 0 0.0630267 0
-0.297819 1.49445 -2.14724 0 0.0630267 0
-0.32276 1.53414 -2.54243 0 0.0630267 0
-0.347997 1.55641 -2.94232 0 0.0630267 0
-0.349801 1.57327 -3.36832 0 -0.138032 0
-0.269371 1.56792 -3.78284 0 -0.202057 0
-0.182645 1.55098 -4.2062 0 -0.202057 0
-0.0989796 1.52268 -4.61461 0 -0.202057 0
-0.0591497 1.47415 -5.02963 0 0.060036 0
-0.098461 1.40868 -5.44502 0 0.0996114 0
-0.139516 1.32783 -5.8558 0 0.0996114 0
-0.180748 1.23841 -6.27071 0 0.0785643 0
-0.162325 1.13945 -6.67099 0 -0.195909 0
-0.0771558 1.01007 -7.08932 0 -0.201271 0
0.00802996 0.889017 -7.51295 0 -0.152853 0
0.0119103 0.756799 -7.92573 0 0.157994 0
-0.0593642 0.615281 -8.33645 0 0.173086 0
-0.129336 0.481666 -8.73666 0 0.173086 0
-0.201661 0.350125 -9.15034 0 0.173086 0
-0.274074 0.21573 -9.56452 0 0.173086 0
-0.346146 0.0933166 -9.97674 0 0.173086 0
-0.41663 -0.0282969 -10.3799 0 0.173086 0
-0.486484 -0.147718 -10.7794 0 0.173086 0
-0.558776 -0.261683 -11.1746 0 0.25058 0
-0.710995 -0.364911 -11.5468 0 0.545132 0
-0.942459 -0.46624 -11.9183 0 0.558322 0
-1.16169 -0.559344 -12.2693 0 0.558322 0
-1.37828 -0.65493 -12.6161 0 0.558322 0
-1.6272 -0.751048 -12.9635 0 0.771509 0
-1.96583 -0.824831 -13.2446 0 0.917923 0
-2.29032 -0.890743 -13.4928 0 0.917923 0
-2.61116 -0.955685 -13.7381 0 0.917923 0
-2.9464 -1.0247 -13.9945 0 0.917923 0
-3.29017 -1.09755 -14.2574 0 0.917923 0
-3.61899 -1.16804 -14.5089 0 0.917923 0
-3.93947 -1.2392 -14.754 0 0.917923 0
-4.25922 -1.30934 -14.9985 0 0.917923 0
-4.59228 -1.38062 -15.2532 0 0.917923 0
-4.93296 -1.45278 -15.5137 0 0.917923 0
-5.269 -1.52346 -15.7707 0 0.917923 0
-5.61564 -1.59809 -16.0358 0 0.917923 0
-5.94472 -1.67071 -16.2875 0 0.917923 0
-6.24473 -1.74376 -16.5509 0 0.703957 0
-6.49387 -1.82441 -16.8886 0 0.619308 0
-6.73719 -1.91715 -17.2299 0 0.619308 0
-6.971 -2.0012 -17.5579 0 0.619308 0
-7.213 -2.09947 -17.8974 0 0.619308 0
-7.4595 -2.19452 -18.2432 0 0.612321 0
-7.66615 -2.29643 -18.6025 0 0.461966 0
-7.84567 -2.39555 -18.9631 0 0.461966 0
-8.03169 -2.50053 -19.3367 0 0.461966 0
-8.21669 -2.60758 -19.7091 0 0.429841 0
-8.33342 -2.71786 -20.1059 0 0.118361 0
-8.37838 -2.83314 -20.5333 0 0.103727 0
-8.42251 -2.94911 -20.9572 0 0.103727 0
-8.45079 -3.06099 -21.3606 0 -0.0506631 0
-8.37533 -3.1693 -21.7583 0 -0.295916 0
-8.25145 -3.26248 -22.1646 0 -0.295916 0
-8.13271 -3.36154 -22.5541 0 -0.295916 0
-8.01304 -3.47114 -22.9466 0 -0.295916 0
-7.8822 -3.58279 -23.3354 0 -0.439932 0
-7.65658 -3.6784 -23.6798 0 -0.695332 0
-7.39125 -3.77429 -23.9978 0 -0.695332 0
-7.12809 -3.86783 -24.3132 0 -0.695332 0
-6.86245 -3.96163 -24.6316 0 -0.695332 0
-6.59418 -4.04232 -24.9531 0 -0.702871 0
-6.30017 -4.1158 -25.2606 0 -0.78423 0
-5.99306 -4.18813 -25.5684 0 -0.78423 0
-5.69505 -4.25459 -25.8671 0 -0.78423 0
-5.40349 -4.30433 -26.1594 0 -0.78423 0
-5.09678 -4.35017 -26.4668 0 -0.78423 0
-4.8084 -4.38822 -26.7559 0 -0.78423 0
-4.50988 -4.4279 -27.0547 0 -0.808028 0
-4.17915 -4.46547 -27.2971 0 -1.07968 0
-3.82421 -4.50392 -27.4872 0 -1.05886 0
-3.48763 -4.54455 -27.7471 0 -0.738567 0
-3.22576 -4.58125 -28.0713 0 -0.66731 0
-2.95746 -4.62229 -28.4119 0 -0.66731 0
-2.70777 -4.66124 -28.7288 0 -0.66731 0
-2.43918 -4.705 -29.0697 0 -0.650576 0
-2.23485 -4.74834 -29.4265 0 -0.424341 0
-2.06749 -4.78967 -29.797 0 -0.424341 0
-1.89184 -4.83799 -30.1858 0 -0.424341 0
-1.71908 -4.88524 -30.5682 0 -0.424341 0
-1.54572 -4.93685 -30.9519 0 -0.418788 0
-1.38914 -4.98727 -31.3585 0 -0.330828 0
-1.25022 -5.03535 -31.763 0 -0.330828 0
-1.11873 -5.07929 -32.1458 0 -0.330828 0
-1.00426 -5.12179 -32.5431 0 -0.140354 0
-0.987281 -5.16438 -32.9731 0 -0.00494962 0
-0.985191 -5.18999 -33.3955 0 -0.00494962 0
-0.9538 -5.21454 -33.798 0 -0.236059 0
-0.8292 -5.25292 -34.1787 0 -0.34299 0
-0.693595 -5.27221 -34.5584 0 -0.34299 0
-0.549308 -5.28201 -34.9625 0 -0.34299 0
-0.43746 -5.28933 -35.3769 0 -0.184985 0
-0.362994 -5.29669 -35.7749 0 -0.184985 0
-0.286812 -5.28938 -36.182 0 -0.184985 0
-0.209407 -5.27584 -36.6001 0 -0.152574 0
-0.180073 -5.25958 -37.0231 0 -0.0239154 0
-0.169776 -5.24226 -37.4536 0 -0.0239154 0
-0.159889 -5.22832 -37.8669 0 -0.0239154 0
-0.149734 -5.20636 -38.2915 0 -0.0239154 0
-0.139632 -5.19494 -38.7138 0 -0.0239154 0
-0.12959 -5.18035 -39.1336 0 -0.0239154 0
-0.119643 -5.16289 -39.5495 0 -0.0239154 0
-0.117343 -5.14373 -39.9519 0 0.0850962 0
-0.186813 -5.10316 -40.35 0 0.204033 0
-0.271645 -4.95696 -40.76 0 0.204033 0
-0.317176 -4.75015 -41.1581 0 -0.0407282 0
-0.275739 -4.52511 -41.5687 0 -0.111315 0
-0.23056 -4.43284 -41.9729 0 -0.111315 0
-0.185262 -4.46942 -42.3782 0 -0.111315 0
-0.15151 -4.53837 -42.7897 0 0.0349701 0
-0.22423 -4.77108 -43.2033 0 0.270782 0
-0.338266 -4.75624 -43.6141 0 0.270782 0
-0.419147 -4.74082 -44.0152 0 0.04973 0
-0.394684 -4.72455 -44.433 0 -0.0996317 0
-0.352485 -4.70899 -44.8551 0 -0.0996317 0
-0.311181 -4.69299 -45.2683 0 -0.0996317 0
-0.27855 -4.67705 -45.6769 0 0.00333838 0
-0.317181 -4.66105 -46.101 0 0.125967 0
-0.371566 -4.64443 -46.5305 0 0.125967 0
-0.422718 -4.62738 -46.9344 0 0.11615 0
-0.412955 -4.61206 -47.3583 0 -0.145305 0
-0.354129 -4.59754 -47.7603 0 -0.145305 0
-0.293565 -4.58264 -48.1742 0 -0.145305 0
-0.234274 -4.56821 -48.5793 0 -0.145305 0
-0.207317 -4.55313 -48.9809 0 0.0838495 0
-0.254724 -4.53561 -49.3979 0 0.116553 0
-0.29027 -4.51942 -49.7962 0 -0.0211747 0
-0.241271 -4.50367 -50.2097 0 -0.149088 0
-0.177557 -4.48794 -50.6339 0 -0.149088 0
-0.116197 -4.47323 -51.0326 0 -0.195936 0
0.0133264 -4.46028 -51.4171 0 -0.438 0
0.196211 -4.44638 -51.7829 0 -0.573362 0
0.42829 -4.43683 -52.1091 0 -0.625624 0
0.674903 -4.41555 -52.4504 0 -0.625624 0
0.910102 -4.37728 -52.776 0 -0.625624 0
1.16525 -4.32813 -53.1112 0 -0.763921 0
1.49254 -4.27924 -53.3665 0 -1.07655 0
1.87476 -4.2248 -53.5073 0 -1.38322 0
2.30176 -4.17917 -53.5236 0 -1.70507 0
2.71338 -4.14124 -53.4034 0 -2.02809 0
3.05204 -4.10251 -53.1787 0 -2.28683 0
3.31663 -4.05697 -52.8748 0 -2.58871 0
3.48357 -4.00165 -52.496 0 -2.82696 0
3.61524 -3.9305 -52.108 0 -2.72555 0
3.8305 -3.85336 -51.7549 0 -2.51473 0
4.0319 -3.77783 -51.3888 0 -2.80462 0
4.11118 -3.7238 -50.9864 0 -3.1135 0
4.06715 -3.67422 -50.5896 0 -3.41401 0
3.89211 -3.62322 -50.1996 0 -3.73601 0
3.60277 -3.58435 -49.8846 0 -4.05814 0
3.23317 -3.54223 -49.6796 0 -4.37649 0
2.82429 -3.50789 -49.5968 0 -4.66611 0
2.40822 -3.46221 -49.6353 0 -4.90413 0
2.00171 -3.42653 -49.7142 0 -4.90413 0
1.60435 -3.37785 -49.7914 0 -4.90413 0
1.18708 -3.30852 -49.8818 0 -5.03324 0
0.82876 -3.24615 -50.0592 0 -5.33424 0
0.532087 -3.18427 -50.3438 0 -5.64382 0
0.334092 -3.12931 -50.7109 0 -5.95789 0
0.228822 -3.06987 -51.1154 0 -6.04353 0
0.156282 -3.02112 -51.5365 0 -6.26574 0
0.209315 -2.97613 -51.9489 0 -6.57884 0
0.389072 -2.94841 -52.3283 0 -6.89504 0
0.681886 -2.93171 -52.6368 0 -7.17597 0
1.01048 -2.89392 -52.9014 0 -7.17597 0
1.3283 -2.83698 -53.1574 0 -7.17597 0
1.66464 -2.58583 -53.4283 0 -7.17597 0
2.02013 -2.67203 -53.6624 0 -7.4347 0
2.40336 -2.61638 -53.7729 0 -7.73495 0
2.81403 -2.56265 -53.7631 0 -8.04426 0
3.19317 -2.54508 -53.6336 0 -8.34592 0
3.52211 -2.55157 -53.3918 0 -8.65326 0
3.77758 -2.57757 -53.0519 0 -8.84508 0
4.053 -2.60547 -52.7336 0 -8.542 0
4.42096 -2.6105 -52.5135 0 -8.21902 0
4.79837 -2.6187 -52.3793 0 -8.19334 0
5.18343 -2.61476 -52.2052 0 -8.4377 0
5.49362 -2.6323 -51.9357 0 -8.65168 0
5.80455 -2.62822 -51.6814 0 -8.37809 0
6.18097 -2.62946 -51.5297 0 -8.07251 0
6.6008 -2.63352 -51.4815 0 -7.93226 0
7.01745 -2.62642 -51.4488 0 -7.93226 0
7.42721 -2.62555 -51.4167 0 -7.93226 0
7.86118 -2.62298 -51.3826 0 -7.93226 0
8.28704 -2.62137 -51.3492 0 -7.93226 0
8.71072 -2.62051 -51.316 0 -7.93226 0
9.11956 -2.61807 -51.2839 0 -7.93226 0
9.52962 -2.48209 -51.2517 0 -7.93226 0
9.92856 -2.32062 -51.2205 0 -7.93226 0
10.3514 -2.14509 -51.1873 0 -7.93226 0
10.7555 -2.00848 -51.165 0 -7.88923 0
11.1604 -2.00842 -51.1507 0 -7.88923 0
11.5675 -2.00841 -51.1363 0 -7.88923 0
11.9997 -2.00845 -51.1211 0 -7.88923 0
12.426 -2.00833 -51.1061 0 -7.88923 0
12.8358 -2.00828 -51.0916 0 -7.88923 0
13.2624 -2.00831 -51.0797 0 -7.8328 0
13.6761 -1.95342 -51.1145 0 -7.74284 0
14.0954 -1.774 -51.1613 0 -7.74284 0
14.51 -1.60271 -51.2076 0 -7.74284 0
14.9183 -1.43155 -51.2532 0 -7.74284 0
15.3162 -1.3831 -51.2976 0 -7.74284 0
15.7396 -1.38303 -51.3448 0 -7.74284 0
16.1671 -1.38305 -51.3411 0 -7.98942 0
16.5663 -1.38307 -51.2867 0 -7.98942 0
16.9784 -1.38306 -51.2422 0 -7.89212 0
17.3895 -1.38312 -51.2365 0 -7.86375 0
17.8204 -1.38313 -51.2323 0 -7.86375 0
18.2331 -1.23969 -51.2283 0 -7.86375 0
18.6378 -1.07023 -51.2243 0 -7.86375 0
19.0647 -0.889847 -51.2201 0 -7.86375 0
19.4947 -0.754564 -51.2159 0 -7.86375 0
19.9211 -0.740309 -51.2118 0 -7.86375 0
20.3221 -0.726856 -51.2079 0 -7.86375 0
20.724 -0.713485 -51.2039 0 -7.86375 0
21.1473 -0.699403 -51.1998 0 -7.86375 0
21.5769 -0.685575 -51.1956 0 -7.86375 0
21.9825 -0.672843 -51.1917 0 -7.86375 0
22.3989 -0.624978 -51.1367 0 -8.15228 0
22.7738 -0.56544 -50.9591 0 -8.46469 0
23.0842 -0.513317 -50.6932 0 -8.59577 0
23.359 -0.4483 -50.402 0 -8.81649 0
23.5432 -0.36779 -50.0355 0 -9.12531 0
23.6074 -0.254281 -49.6239 0 -9.41488 0
23.6114 -0.137667 -49.2197 0 -9.41488 0
23.6157 -0.0343581 -48.7848 0 -9.41488 0
23.6082 0.0519449 -48.3721 0 -9.55859 0
23.4931 0.115241 -47.9703 0 -9.87336 0
23.2625 0.162431 -47.6274 0 -10.1825 0
22.981 0.201463 -47.3299 0 -10.1825 0
22.6964 0.243614 -47.0177 0 -10.097 0
22.4537 0.289518 -46.6883 0 -10.0503 0
22.2042 0.327659 -46.3429 0 -10.0503 0
22.0033 0.363401 -45.9973 0 -9.79471 0
21.9073 0.391595 -45.6058 0 -9.58417 0
21.8435 0.41755 -45.2091 0 -9.58417 0
21.778 0.449917 -44.8018 0 -9.58417 0
21.7133 0.480481 -44.3989 0 -9.58417 0
21.6549 0.520432 -43.9916 0 -9.47086 0
21.6914 0.560478 -43.5922 0 -9.20645 0
21.7788 0.597008 -43.1985 0 -9.20645 0
21.8679 0.637664 -42.7968 0 -9.20645 0
21.9545 0.676567 -42.397 0 -9.27221 0
21.9642 0.664387 -41.9915 0 -9.4791 0
21.9533 0.795104 -41.559 0 -9.3301 0
22.0565 0.773479 -41.1445 0 -9.00832 0
22.2298 0.608706 -40.7828 0 -8.97452 0
22.4141 0.608716 -40.3978 0 -9.03539 0
22.5133 0.608714 -40.0098 0 -9.33685 0
22.5181 0.608707 -39.6003 0 -9.43105 0
22.5155 0.608735 -39.1821 0 -9.43105 0
22.5128 0.608666 -38.7474 0 -9.43105 0
22.5056 0.60874 -38.3428 0 -9.52816 0
22.4094 0.608752 -37.9541 0 -9.82957 0
22.2257 0.60873 -37.5739 0 -9.88153 0
22.0415 0.608677 -37.199 0 -9.88153 0
21.8571 0.608711 -36.8237 0 -9.88153 0
21.6788 0.608703 -36.461 0 -9.88153 0
21.4991 0.608752 -36.0953 0 -9.88153 0
21.3425 0.608703 -35.7232 0 -9.68662 0
21.2855 0.608728 -35.3194 0 -9.5016 0
21.2536 0.608699 -34.9048 0 -9.5016 0
21.2219 0.608701 -34.4914 0 -9.48094 0
21.2532 0.608693 -34.0872 0 -9.18276 0
21.3762 0.608693 -33.6889 0 -9.1149 0
21.5045 0.608687 -33.2885 0 -9.1149 0
21.632 0.60868 -32.8902 0 -9.1149 0
21.7596 0.608669 -32.4915 0 -9.1149 0
21.8916 0.608658 -32.0794 0 -9.1149 0
22.0216 0.608672 -31.6734 0 -9.1149 0
22.1521 0.608646 -31.2692 0 -9.07555 0
22.3436 0.608613 -30.8909 0 -8.82604 0
22.5845 0.608573 -30.5378 0 -8.82604 0
22.8133 0.607388 -30.2024 0 -8.82604 0
23.048 0.630699 -29.8402 0 -8.9608 0
23.187 0.670051 -29.4447 0 -9.15624 0
23.2985 0.69533 -29.0393 0 -9.15624 0
23.4212 0.721128 -28.631 0 -9.03991 0
23.6202 0.745568 -28.2481 0 -8.89787 0
23.8376 0.767801 -27.8744 0 -8.89787 0
24.0431 0.789463 -27.4951 0 -9.05195 0
24.1423 0.813733 -27.07 0 -9.29712 0
24.1951 0.838551 -26.6558 0 -9.32472 0
24.2078 0.863052 -26.2348 0 -9.41598 0
24.1991 0.888156 -25.8078 0 -9.56632 0
24.0894 0.910779 -25.4237 0 -9.86699 0
23.8496 0.932279 -25.0621 0 -10.1159 0
23.5773 0.951632 -24.733 0 -10.1159 0
23.2985 0.970979 -24.3959 0 -10.1159 0
23.0432 0.989397 -24.0873 0 -10.1159 0
22.775 1.00846 -23.7626 0 -10.0933 0
22.5593 1.02986 -23.3891 0 -9.77276 0
22.4385 1.04214 -22.9835 0 -9.70397 0
22.3277 1.05345 -22.5971 0 -9.70397 0
22.2114 1.0537 -22.1915 0 -9.70397 0
22.1161 1.0537 -21.7833 0 -9.51453 0
22.1252 1.05371 -21.377 0 -9.35105 0
22.1564 1.05324 -20.9551 0 -9.35105 0
22.1879 1.05276 -20.5281 0 -9.35105 0
22.1915 1.05227 -20.1246 0 -9.55971 0
22.0879 1.05128 -19.7034 0 -9.70463 0
21.9684 1.0494 -19.2875 0 -9.70463 0
21.853 1.04732 -18.886 0 -9.70463 0
21.7689 1.04525 -18.4747 0 -9.46977 0
21.7844 1.03149 -18.0712 0 -9.36192 0
21.811 1.00764 -17.6479 0 -9.36192 0
21.8369 0.952154 -17.2364 0 -9.36192 0
21.8622 0.867117 -16.8346 0 -9.36192 0
21.8893 0.742585 -16.4049 0 -9.36192 0
21.916 0.585414 -15.9803 0 -9.36192 0
21.943 0.392474 -15.552 0 -9.36192 0
21.9702 0.241876 -15.1197 0 -9.36192 0
21.997 0.244054 -14.6933 0 -9.36192 0
22.0316 0.253967 -14.2598 0 -9.29193 0
22.103 0.259063 -13.8347 0 -9.24739 0
22.18 0.259005 -13.4052 0 -9.24739 0
22.2559 0.251536 -12.982 0 -9.24739 0
22.33 0.243212 -12.5684 0 -9.24739 0
22.405 0.263147 -12.1501 0 -9.24739 0
22.4814 0.277018 -11.7239 0 -9.24739 0
22.5563 0.277012 -11.306 0 -9.23721 0
22.6833 0.266279 -10.9128 0 -8.9543 0
22.8944 0.245469 -10.5418 0 -8.89884 0
23.1069 0.256486 -10.1758 0 -8.89884 0
23.3178 0.278898 -9.81234 0 -8.89884 0
23.5309 0.278908 -9.44529 0 -8.89884 0
23.7628 0.277148 -9.10527 0 -8.72944 0
24.0468 0.269596 -8.77682 0 -8.70962 0
24.3234 0.262261 -8.45827 0 -8.70962 0
24.6046 0.255163 -8.13454 0 -8.70962 0
24.8847 0.248244 -7.81208 0 -8.70962 0
25.1469 0.241859 -7.49169 0 -8.85438 0
25.3205 0.241914 -7.10908 0 -9.16338 0
25.3775 0.241904 -6.68731 0 -9.42491 0
25.3745 0.241911 -6.26725 0 -9.43267 0
25.3712 0.241912 -5.85141 0 -9.43267 0
25.3678 0.241923 -5.42851 0 -9.43267 0
25.3634 0.241929 -5.01165 0 -9.47215 0
25.3056 0.241907 -4.58845 0 -9.61954 0
25.225 0.241901 -4.17974 0 -9.61954 0
25.1265 0.241912 -3.76918 0 -9.70763 0
25.0047 0.241913 -3.36196 0 -9.71654 0
24.8855 0.241929 -2.96519 0 -9.71654 0
24.743 0.241867 -2.57865 0 -9.92346 0
24.502 0.24192 -2.23456 0 -10.0828 0
24.2399 0.241922 -1.89539 0 -10.0828 0
23.9799 0.241899 -1.55898 0 -10.0828 0
23.7212 0.241849 -1.22437 0 -10.0828 0
23.463 0.241901 -0.890305 0 -10.0828 0
23.2025 0.219607 -0.553217 0 -10.0828 0
22.9409 0.142896 -0.214825 0 -10.0828 0
22.6855 0.0576541 0.115646 0 -10.0828 0
22.4219 -0.0700377 0.456694 0 -10.0828 0
22.1632 -0.211381 0.791452 0 -10.0828 0
21.9042 -0.355422 1.1265 0 -10.0828 0
21.6577 -0.507701 1.44537 0 -10.0828 0
21.3997 -0.689356 1.7792 0 -10.0828 0
21.1413 -0.885577 2.11351 0 -10.0828 0
20.8804 -1.08576 2.45113 0 -10.0828 0
20.6218 -1.27086 2.78567 0 -10.0828 0
20.3654 -1.44226 3.1174 0 -10.0828 0
20.1058 -1.61475 3.45325 0 -10.0828 0
19.8465 -1.76918 3.78878 0 -10.0828 0
19.5878 -1.88888 4.12343 0 -10.0828 0
19.3266 -1.97465 4.46133 0 -10.0828 0
19.0672 -2.03011 4.79696 0 -10.0828 0
18.8072 -2.05362 5.13338 0 -10.0828 0
18.5488 -2.05283 5.46769 0 -10.0828 0
18.2872 -1.9772 5.80617 0 -10.0828 0
18.0412 -1.85176 6.1244 0 -10.0828 0
17.7769 -1.8604 6.46634 0 -10.0828 0
17.5268 -1.88541 6.78998 0 -10.0828 0
17.265 -1.94512 7.12869 0 -10.0828 0
17.0041 -2.0388 7.46624 0 -10.0828 0
16.7518 -2.16193 7.79261 0 -10.0828 0
16.4915 -2.32232 8.12938 0 -10.0828 0
16.2406 -2.46463 8.45403 0 -10.0828 0
15.9857 -2.41419 8.78385 0 -10.0828 0
15.7343 -2.37545 9.10911 0 -10.0828 0
15.475 -2.37544 9.44451 0 -10.0828 0
15.2112 -2.37545 9.78582 0 -10.0828 0
14.9518 -2.37545 10.1215 0 -10.0828 0
14.6901 -2.37552 10.4601 0 -10.0828 0
14.4433 -2.46465 10.7793 0 -10.0828 0
14.1953 -2.46475 11.1002 0 -10.0828 0
13.9276 -2.46471 11.4465 0 -10.0828 0
13.6633 -2.46465 11.7885 0 -10.0828 0
13.3978 -2.46466 12.1321 0 -10.0828 0
13.1381 -2.38441 12.468 0 -10.0828 0
12.8776 -2.38437 12.805 0 -10.0828 0
12.6312 -2.38448 13.1238 0 -10.0828 0
12.3711 -2.38439 13.4603 0 -10.0828 0
12.1154 -2.38436 13.7909 0 -10.1031 0
11.8216 -2.46464 14.0896 0 -10.2891 0
11.4981 -2.46464 14.3657 0 -10.2891 0
11.1785 -2.46465 14.6385 0 -10.2891 0
10.8534 -2.46465 14.9159 0 -10.2891 0
10.5488 -2.46468 15.176 0 -10.2891 0
10.2255 -2.46479 15.4664 0 -10.147 0
9.97723 -2.4647 15.8249 0 -9.98093 0
9.76447 -2.4083 16.1672 0 -9.98093 0
9.53504 -2.39434 16.5363 0 -9.98093 0
9.31463 -2.37826 16.8909 0 -9.98093 0
9.09255 -2.37444 17.2481 0 -9.98093 0
8.87247 -2.37418 17.6022 0 -9.98093 0
8.6586 -2.37351 17.9463 0 -9.98093 0
8.43798 -2.3725 18.3012 0 -9.98093 0
8.21159 -2.37021 18.6654 0 -9.96906 0
8.02625 -2.36701 19.0434 0 -9.79792 0
7.87283 -2.36084 19.4353 0 -9.79792 0
7.71456 -2.35083 19.8396 0 -9.79792 0
7.56198 -2.33694 20.2294 0 -9.79792 0
7.40889 -2.32009 20.6204 0 -9.79792 0
7.25332 -2.30173 21.0178 0 -9.79792 0
7.09999 -2.28018 21.4095 0 -9.79792 0
6.94342 -2.25705 21.8094 0 -9.79792 0
6.78693 -2.23247 22.2082 0 -9.82375 0
6.57684 -2.20749 22.5743 0 -10.0998 0
6.27406 -2.18306 22.8674 0 -10.3764 0
5.90825 -2.16065 23.0852 0 -10.4876 0
5.53333 -2.13796 23.2939 0 -10.4876 0
5.15702 -2.11477 23.4895 0 -10.6311 0
4.73616 -2.09516 23.5818 0 -10.9556 0
4.30969 -2.08299 23.551 0 -11.1168 0
3.88714 -2.04322 23.4995 0 -11.1168 0
3.46001 -2.00057 23.4475 0 -11.1168 0
3.03737 -1.96437 23.396 0 -11.1216 0
2.63004 -1.93037 23.3071 0 -11.3191 0
2.24325 -1.89367 23.1378 0 -11.5083 0
1.8903 -1.85746 22.926 0 -11.5407 0
1.52037 -1.82319 22.7017 0 -11.5407 0
1.15103 -1.793 22.4778 0 -11.5407 0
0.79423 -1.76511 22.2614 0 -11.5407 0
0.418858 -1.7391 22.0338 0 -11.5407 0
0.0646832 -1.71635 21.8085 0 -11.65 0
-0.240602 -1.69608 21.5125 0 -11.8934 0
-0.473055 -1.67862 21.1506 0 -12.1168 0
-0.61627 -1.65384 20.7568 0 -12.3351 0
-0.673434 -1.62037 20.3383 0 -12.5408 0
-0.653287 -1.5877 19.9128 0 -12.6798 0
-0.584898 -1.5553 19.4875 0 -12.752 0
-0.506194 -1.5343 19.0684 0 -12.752 0
-0.427059 -1.52197 18.6471 0 -12.752 0
-0.347746 -1.51687 18.2249 0 -12.752 0
-0.267935 -1.5113 17.8 0 -12.752 0
-0.189299 -1.49914 17.3813 0 -12.7466 0
-0.125444 -1.48633 16.9534 0 -12.6939 0
-0.0713974 -1.4783 16.5318 0 -12.6939 0
-0.0170386 -1.47849 16.1078 0 -12.6939 0
0.0366953 -1.47119 15.6887 0 -12.6939 0
0.0895347 -1.4679 15.2765 0 -12.6939 0
0.143775 -1.46694 14.8534 0 -12.6939 0
0.195965 -1.46896 14.4463 0 -12.6939 0
0.247446 -1.46647 14.0448 0 -12.6939 0
0.298506 -1.46396 13.6465 0 -12.6939 0
0.352806 -1.46369 13.2229 0 -12.6939 0
0.387617 -1.46734 12.7963 0 -12.5098 0
0.319847 -1.47055 12.3978 0 -12.3456 0
0.227353 -1.49466 11.9856 0 -12.3456 0
0.136516 -1.5266 11.5809 0 -12.3456 0
0.0602258 -1.55869 11.1686 0 -12.4984 0
0.0549582 -1.55039 10.7636 0 -12.5658 0
0.0547281 -1.53761 10.3361 0 -12.5658 0
0.0544987 -1.5158 9.91014 0 -12.5658 0
0.0542741 -1.47824 9.49313 0 -12.5658 0
0.0540502 -1.43983 9.07733 0 -12.5658 0
0.0538271 -1.37839 8.66299 0 -12.5658 0
0.0536002 -1.30588 8.24152 0 -12.5658 0
0.0533843 -1.23273 7.84064 0 -12.5658 0
0.0531608 -1.13112 7.42555 0 -12.5658 0
0.0529365 -1.0271 7.00902 0 -12.5658 0
0.0527148 -0.911433 6.59738 0 -12.5658 0
0.0524944 -0.786914 6.18791 0 -12.5658 0
0.0522662 -0.656817 5.76424 0 -12.5658 0
0.0520395 -0.515196 5.34329 0 -12.5658 0
0.0518129 -0.374215 4.92244 0 -12.5658 0
0.0515903 -0.232514 4.509 0 -12.5658 0
0.0513673 -0.0927172 4.09491 0 -12.5658 0
0.0511379 0.0513962 3.66881 0 -12.5658 0
0.0509131 0.185629 3.25136 0 -12.5658 0
0.050687 0.320221 2.83153 0 -12.5658 0
0.0504589 0.45033 2.4079 0 -12.5658 0
0.0502345 0.574245 1.99115 0 -12.5658 0
0.0500084 0.697698 1.57117 0 -12.5658 0
0.0497863 0.80896 1.15875 0 -12.5658 0
0.0495601 0.921782 0.738723 0 -12.5658 0
0.0493292 1.02871 0.309966 0 -12.5658 0
0.0491093 1.12506 -0.0984471 0 -12.5658 0
0.0489183 1.20855 -0.453219 0 -12.5658 0
0.0487603 1.26628 -0.746633 0 -12.5658 0
0.0486299 1.31329 -0.988709 0 -12.5658 0
0.0485248 1.35111 -1.18381 0 -12.5658 0
0.0484526 1.37721 -1.31802 0 -12.5658 0
0.0484105 1.39323 -1.39614 0 -12.5658 0
0.0483994 1.39793 -1.41682 0 -12.5658 0
0.0483994 1.39795 -1.41682 0 -12.5658 0
0.0483994 1.39789 -1.41682 0 -12.5658 0
0.0483994 1.39792 -1.41682 0 -12.5658 0
0.0483994 1.39791 -1.41682 0 -12.5658 0
0.0483994 1.3979 -1.41682 0 -12.5658 0
0.0483994 1.39787 -1.41682 0 -12.5658 0
0.0483994 1.39794 -1.41682 0 -12.5658 0
0.0483994 1.39792 -1.41682 0 -12.5658 0
0.0483994 1.39793 -1.41682 0 -12.5658 0
0.0483994 1.39793 -1.41682 0 -12.5658 0
0.0483994 1.39792 -1.41682 0 -12.5658 0
0.0483994 1.39786 -1.41682 0 -12.5658 0
0.0483994 1.39793 -1.41682 0 -12.5658 0
0.0483994 1.39793 -1.41682 0 -12.5658 0
0.0483994 1.39794 -1.41682 0 -12.5658 0
0.0483994 1.39794 -1.41682 0 -12.5658 0
0.0483994 1.39792 -1.41682 0 -12.5658 0
0.0483994 1.39792 -1.41682 0 -12.5658 0
0.0483994 1.39793 -1.41682 0 -12.5658 0
0.0483994 1.3979 -1.41682 0 -12.5658 0
0.0483994 1.39793 -1.41682 0 -12.5658 0
0.0483994 1.39787 -1.41682 0 -12.5658 0
0.0483994 1.39792 -1.41682 0 -12.5658 0
0.0483994 1.39793 -1.41682 0 -12.5658 0
0.0483994 1.39793 -1.41682 0 -12.5658 0
0.0483994 1.39788 -1.41682 0 -12.5658 0
0.0483994 1.39788 -1.41682 0 -12.5658 0
0.0483994 1.39792 -1.41682 0 -12.5658 0
0.0483994 1.39791 -1.41682 0 -12.5658 0
0.0483994 1.39793 -1.41682 0 -12.5658 0
0.0483994 1.39792 -1.41682 0 -12.5658 0
0.0483994 1.39792 -1.41682 0 -12.5658 0
